         0           1  
         1    0.834783  
         2    0.774315  
         3    0.723105  
         4    0.699738  
         5    0.679558  
         6    0.660864  
         7    0.644817  
         8     0.63037  
         9    0.616622  
        10    0.604131  
        11    0.592551  
        12    0.581154  
        13    0.571089  
        14    0.561026  
        15    0.551331  
        16     0.54277  
        17     0.53411  
        18    0.525833  
        19    0.517453  
        20    0.509785  
        21    0.502882  
        22     0.49571  
        23    0.489056  
        24    0.482217  
        25    0.476108  
        26    0.470567  
        27     0.46465  
        28     0.45936  
        29    0.453906  
        30    0.448837  
        31    0.443585  
        32    0.439157  
        33    0.434148  
        34     0.42925  
        35    0.424153  
        36    0.419159  
        37    0.415096  
        38    0.410484  
        39    0.406474  
        40    0.402351  
        41    0.398365  
        42     0.39423  
        43    0.391044  
        44    0.387219  
        45    0.384117  
        46    0.380293  
        47    0.376616  
        48    0.373267  
        49    0.369652  
        50    0.366867  
        51    0.363959  
        52    0.360917  
        53    0.357938  
        54    0.354936  
        55    0.352241  
        56    0.349347  
        57     0.34649  
        58    0.343099  
        59    0.339715  
        60    0.336702  
        61     0.33381  
        62    0.331761  
        63    0.329842  
        64    0.327166  
        65     0.32466  
        66    0.322443  
        67    0.320005  
        68    0.317879  
        69    0.315969  
        70    0.313995  
        71    0.311536  
        72    0.309543  
        73    0.307309  
        74    0.304965  
        75    0.303006  
        76    0.300493  
        77    0.298436  
        78    0.296363  
        79    0.294415  
        80    0.292775  
        81    0.291287  
        82    0.289465  
        83    0.287487  
        84     0.28522  
        85    0.283539  
        86    0.281938  
        87    0.279926  
        88    0.278121  
        89    0.276294  
        90    0.274615  
        91    0.272876  
        92     0.27129  
        93    0.269363  
        94    0.268107  
        95    0.266342  
        96    0.265029  
        97    0.263702  
        98    0.262201  
        99    0.260958  
       100    0.259644  
       101    0.257956  
       102    0.256089  
       103    0.255021  
       104    0.253402  
       105     0.25215  
       106    0.250507  
       107    0.249325  
       108    0.247942  
       109    0.246516  
       110    0.245137  
       111    0.243762  
       112    0.242747  
       113    0.241535  
       114    0.240851  
       115    0.239139  
       116    0.237677  
       117    0.236361  
       118    0.235147  
       119    0.233792  
       120     0.23256  
       121    0.231185  
       122    0.229815  
       123    0.228403  
       124    0.227482  
       125    0.226753  
       126    0.225447  
       127    0.224774  
       128    0.223791  
       129     0.22301  
       130    0.221952  
       131    0.220705  
       132    0.219852  
       133    0.218605  
       134    0.217423  
       135    0.216377  
       136    0.215411  
       137    0.214453  
       138    0.213481  
       139    0.212622  
       140    0.211542  
       141    0.210631  
       142    0.209977  
       143    0.209135  
       144    0.208487  
       145    0.207658  
       146    0.206505  
       147    0.205833  
       148    0.204985  
       149    0.204001  
       150    0.203172  
       151    0.202479  
       152    0.201183  
       153    0.200489  
       154    0.199984  
       155    0.199427  
       156    0.198987  
       157    0.198156  
       158    0.197193  
       159     0.19622  
       160     0.19503  
       161     0.19434  
       162    0.193291  
       163    0.192411  
       164    0.191588  
       165    0.190953  
       166    0.189983  
       167    0.188961  
       168    0.188137  
       169    0.187001  
       170    0.186299  
       171    0.185266  
       172    0.184596  
       173    0.184054  
       174    0.183469  
       175    0.182699  
       176    0.181845  
       177    0.180952  
       178    0.179932  
       179    0.179152  
       180    0.178325  
       181    0.177389  
       182    0.176788  
       183    0.175951  
       184    0.175538  
       185    0.174833  
       186    0.173834  
       187    0.173393  
       188    0.172918  
       189    0.172473  
       190     0.17162  
       191    0.170766  
       192    0.169917  
       193    0.169603  
       194     0.16891  
       195    0.168188  
       196    0.167362  
       197    0.166706  
       198    0.166045  
       199    0.165228  
       200    0.164695  
       201    0.164232  
       202    0.163637  
       203    0.162904  
       204    0.162186  
       205    0.161723  
       206    0.161008  
       207     0.16036  
       208    0.159749  
       209    0.159661  
       210    0.159477  
       211    0.159052  
       212    0.158289  
       213    0.157962  
       214    0.157527  
       215    0.157185  
       216    0.156873  
       217    0.156342  
       218    0.155673  
       219    0.154951  
       220    0.154767  
       221    0.154411  
       222    0.153975  
       223     0.15358  
       224    0.152491  
       225    0.152021  
       226    0.151279  
       227     0.15096  
       228    0.150613  
       229     0.15019  
       230    0.149766  
       231     0.14919  
       232    0.148728  
       233    0.148347  
       234    0.148118  
       235    0.147541  
       236    0.147064  
       237    0.146535  
       238    0.146339  
       239    0.145895  
       240    0.145294  
       241    0.144568  
       242      0.1441  
       243    0.143684  
       244    0.142858  
       245    0.142389  
       246     0.14213  
       247    0.141628  
       248    0.141641  
       249     0.14123  
       250    0.140779  
       251    0.140386  
       252    0.140118  
       253    0.140102  
       254    0.139632  
       255    0.139335  
       256    0.139022  
       257    0.138719  
       258    0.138115  
       259    0.137731  
       260    0.137122  
       261    0.136871  
       262    0.136219  
       263    0.135944  
       264    0.135497  
       265    0.135461  
       266    0.135148  
       267    0.134849  
       268    0.134262  
       269    0.134193  
       270    0.133664  
       271    0.133508  
       272    0.132907  
       273     0.13266  
       274    0.132192  
       275    0.131734  
       276    0.131415  
       277    0.130986  
       278     0.13081  
       279     0.13014  
       280    0.129864  
       281    0.129751  
       282    0.129566  
       283    0.129433  
       284    0.129022  
       285    0.128625  
       286    0.128464  
       287    0.128364  
       288    0.128116  
       289    0.127657  
       290    0.127375  
       291    0.127136  
       292    0.127099  
       293     0.12685  
       294    0.126684  
       295    0.126291  
       296    0.125878  
       297    0.125437  
       298    0.125193  
       299      0.1249  
       300    0.124771  
       301    0.124334  
       302    0.123936  
       303    0.123643  
       304    0.123268  
       305    0.123062  
       306    0.122273  
       307    0.122476  
       308    0.122578  
       309    0.122232  
       310    0.122209  
       311    0.121968  
       312    0.121993  
       313    0.121714  
       314     0.12116  
       315    0.120731  
       316     0.12036  
       317    0.119974  
       318    0.119487  
       319    0.119493  
       320     0.11929  
       321    0.119223  
       322    0.118827  
       323    0.118402  
       324    0.118388  
       325    0.117943  
       326    0.117591  
       327    0.117431  
       328    0.117388  
       329    0.117233  
       330    0.116899  
       331    0.116619  
       332    0.116111  
       333    0.116149  
       334    0.115298  
       335    0.115016  
       336    0.114489  
       337    0.114502  
       338    0.114386  
       339     0.11424  
       340    0.113673  
       341    0.113668  
       342    0.113066  
       343    0.112935  
       344    0.112774  
       345    0.112158  
       346    0.112123  
       347    0.111715  
       348    0.111137  
       349    0.111117  
       350    0.110995  
       351    0.110945  
       352    0.110279  
       353    0.109924  
       354    0.109316  
       355    0.109218  
       356    0.108945  
       357    0.109312  
       358    0.108748  
       359    0.108523  
       360    0.108288  
       361    0.107913  
       362    0.107503  
       363    0.107453  
       364    0.107476  
       365    0.107139  
       366    0.106593  
       367    0.106654  
       368    0.106628  
       369    0.106247  
       370    0.105987  
       371    0.105582  
       372    0.105376  
       373    0.104867  
       374     0.10451  
       375    0.104031  
       376    0.103668  
       377    0.103554  
       378    0.103693  
       379    0.103204  
       380    0.103002  
       381    0.102566  
       382    0.102325  
       383    0.101884  
       384    0.101418  
       385    0.101386  
       386    0.101603  
       387    0.101371  
       388    0.101179  
       389    0.100839  
       390    0.100969  
       391    0.100678  
       392    0.100871  
       393    0.100937  
       394    0.100231  
       395    0.100174  
       396   0.0997417  
       397   0.0995582  
       398   0.0996043  
       399   0.0998508  
       400   0.0994228  
       401   0.0991463  
       402   0.0988744  
       403   0.0985145  
       404   0.0984187  
       405   0.0981809  
       406   0.0979478  
       407   0.0980134  
       408   0.0977364  
       409   0.0975178  
       410   0.0973042  
       411   0.0968799  
       412   0.0972098  
       413   0.0966629  
       414    0.096645  
       415   0.0962204  
       416   0.0958984  
       417   0.0952383  
       418   0.0952201  
       419    0.095148  
       420   0.0950415  
       421   0.0947978  
       422    0.094647  
       423   0.0942118  
       424   0.0940364  
       425   0.0939051  
       426   0.0941028  
       427   0.0937064  
       428    0.093413  
       429    0.092977  
       430   0.0929586  
       431   0.0928957  
       432   0.0928968  
       433   0.0927112  
       434   0.0926189  
       435   0.0923201  
       436   0.0920507  
       437   0.0917517  
       438    0.091305  
       439   0.0912567  
       440   0.0908542  
       441   0.0906237  
       442   0.0907032  
       443   0.0905858  
       444   0.0906899  
       445   0.0902475  
       446   0.0897706  
       447   0.0896579  
       448   0.0894024  
       449   0.0890679  
       450   0.0886545  
       451   0.0887486  
       452   0.0887293  
       453   0.0888629  
       454   0.0885921  
       455   0.0883213  
       456   0.0879617  
       457   0.0879275  
       458   0.0878538  
       459   0.0877061  
       460   0.0871191  
       461   0.0869663  
       462    0.086764  
       463    0.086779  
       464   0.0864236  
       465   0.0864236  
       466   0.0861323  
       467   0.0859989  
       468   0.0859495  
       469    0.085737  
       470   0.0855789  
       471   0.0854305  
       472   0.0850597  
       473   0.0846491  
       474   0.0842234  
       475   0.0841985  
       476   0.0840052  
       477   0.0838713  
       478   0.0838463  
       479   0.0833559  
       480   0.0832664  
       481   0.0828896  
       482   0.0826515  
       483   0.0823736  
       484   0.0821204  
       485   0.0820455  
       486   0.0816335  
       487    0.081385  
       488   0.0810869  
       489   0.0810217  
       490   0.0806838  
       491   0.0805987  
       492   0.0803101  
       493   0.0798627  
       494   0.0795294  
       495   0.0790768  
       496   0.0792047  
       497   0.0792582  
       498   0.0792275  
       499   0.0790377  
       500   0.0786542  
       501   0.0782806  
       502   0.0782694  
       503   0.0781787  
       504   0.0779936  
       505   0.0776891  
       506   0.0774194  
       507   0.0771596  
       508   0.0769145  
       509   0.0766992  
       510   0.0764988  
       511   0.0764824  
       512   0.0762121  
       513   0.0761708  
       514     0.07601  
       515     0.07565  
       516   0.0753646  
       517   0.0751538  
       518   0.0750474  
       519   0.0746572  
       520   0.0746405  
       521   0.0747084  
       522   0.0747315  
       523   0.0746151  
       524   0.0744737  
       525   0.0745367  
       526   0.0744202  
       527   0.0743336  
       528   0.0741771  
       529   0.0740905  
       530   0.0738091  
       531   0.0736474  
       532   0.0736355  
       533   0.0736086  
       534   0.0736416  
       535   0.0734449  
       536   0.0730683  
       537   0.0728914  
       538   0.0724446  
       539   0.0720627  
       540   0.0716756  
       541   0.0716933  
       542   0.0716461  
       543   0.0714338  
       544   0.0710614  
       545   0.0706939  
       546   0.0704913  
       547   0.0705489  
       548   0.0705615  
       549   0.0702436  
       550   0.0701611  
       551   0.0701235  
       552   0.0702161  
       553   0.0700384  
       554   0.0699507  
       555   0.0697377  
       556   0.0694294  
       557   0.0691612  
       558   0.0689731  
       559   0.0691358  
       560   0.0690077  
       561   0.0688947  
       562   0.0685409  
       563   0.0683877  
       564   0.0683799  
       565    0.068372  
       566   0.0684646  
       567   0.0682058  
       568   0.0680824  
       569   0.0678787  
       570   0.0675142  
       571   0.0676469  
       572    0.067453  
       573   0.0672793  
       574   0.0671557  
       575   0.0668109  
       576   0.0667727  
       577   0.0665031  
       578    0.066148  
       579   0.0660241  
       580    0.066041  
       581   0.0660127  
       582   0.0658686  
       583   0.0657597  
       584   0.0656558  
       585   0.0656928  
       586   0.0655486  
       587   0.0654748  
       588   0.0653204  
       589   0.0652768  
       590   0.0652584  
       591   0.0648872  
       592   0.0647932  
       593   0.0645478  
       594   0.0644082  
       595   0.0642586  
       596   0.0643408  
       597   0.0641809  
       598   0.0638596  
       599   0.0636946  
       600   0.0639282  
       601   0.0637834  
       602   0.0637546  
       603   0.0637409  
       604    0.063606  
       605   0.0634156  
       606   0.0632604  
       607   0.0631507  
       608   0.0629399  
       609   0.0629109  
       610   0.0627101  
       611   0.0624232  
       612   0.0623183  
       613   0.0622336  
       614   0.0618959  
       615   0.0616391  
       616   0.0614177  
       617   0.0615857  
       618   0.0615767  
       619   0.0614514  
       620   0.0613715  
       621   0.0614181  
       622   0.0612015  
       623   0.0610962  
       624   0.0609908  
       625   0.0608146  
       626    0.060547  
       627   0.0605226  
       628   0.0603208  
       629   0.0600986  
       630   0.0599474  
       631   0.0596592  
       632    0.059802  
       633   0.0598891  
       634   0.0596312  
       635   0.0594087  
       636   0.0591304  
       637     0.05906  
       638   0.0588272  
       639   0.0587771  
       640   0.0584781  
       641   0.0583263  
       642   0.0581796  
       643   0.0582158  
       644   0.0582113  
       645   0.0580492  
       646   0.0578922  
       647   0.0578469  
       648   0.0579441  
       649   0.0579345  
       650   0.0579554  
       651   0.0578389  
       652   0.0578394  
       653   0.0576669  
       654    0.057642  
       655    0.057337  
       656    0.056986  
       657   0.0566248  
       658   0.0567372  
       659   0.0566764  
       660   0.0568653  
       661   0.0566874  
       662   0.0563921  
       663   0.0562241  
       664   0.0561632  
       665   0.0561226  
       666   0.0559597  
       667   0.0560313  
       668   0.0560775  
       669   0.0560675  
       670     0.05593  
       671   0.0557975  
       672   0.0557109  
       673   0.0555936  
       674   0.0555274  
       675   0.0552466  
       676   0.0551394  
       677   0.0552212  
       678   0.0550016  
       679   0.0549506  
       680   0.0549251  
       681   0.0548587  
       682   0.0545979  
       683     0.05447  
       684   0.0542296  
       685   0.0542602  
       686   0.0541476  
       687   0.0539991  
       688   0.0538915  
       689   0.0535689  
       690   0.0534356  
       691   0.0533534  
       692   0.0535325  
       693   0.0534299  
       694   0.0529891  
       695   0.0528709  
       696   0.0528501  
       697   0.0527268  
       698   0.0526906  
       699   0.0524288  
       700    0.052254  
       701   0.0523152  
       702    0.052125  
       703   0.0518834  
       704   0.0515186  
       705   0.0512512  
       706   0.0513431  
       707    0.051322  
       708   0.0514807  
       709   0.0513158  
       710   0.0512331  
       711   0.0511863  
       712   0.0510572  
       713   0.0508357  
       714   0.0507117  
       715   0.0504025  
       716   0.0503042  
       717   0.0504217  
       718   0.0502101  
       719   0.0500036  
       720   0.0499411  
       721    0.049997  
       722   0.0499911  
       723    0.050222  
       724   0.0501441  
       725    0.050133  
       726   0.0500087  
       727   0.0498019  
       728    0.049595  
       729   0.0495941  
       730   0.0494799  
       731    0.049608  
       732   0.0493751  
       733   0.0494104  
       734    0.049456  
       735   0.0494603  
       736    0.049186  
       737   0.0488652  
       738   0.0486268  
       739   0.0482697  
       740    0.048155  
       741   0.0479629  
       742   0.0477553  
       743   0.0477696  
       744    0.047691  
       745   0.0477157  
       746   0.0475802  
       747   0.0473878  
       748   0.0475521  
       749   0.0473596  
       750   0.0472705  
       751   0.0471917  
       752   0.0472216  
       753   0.0470237  
       754   0.0468465  
       755   0.0465503  
       756   0.0464713  
       757   0.0464544  
       758   0.0465566  
       759   0.0465398  
       760   0.0463002  
       761    0.046304  
       762   0.0463389  
       763   0.0461769  
       764   0.0460874  
       765   0.0461845  
       766   0.0460534  
       767   0.0460157  
       768   0.0461648  
       769   0.0461323  
       770   0.0460997  
       771   0.0460464  
       772   0.0459723  
       773   0.0458048  
       774   0.0458864  
       775   0.0458123  
       776   0.0455667  
       777    0.045425  
       778   0.0453819  
       779   0.0452245  
       780   0.0451502  
       781   0.0449563  
       782   0.0448819  
       783   0.0446775  
       784   0.0444419  
       785    0.044305  
       786   0.0442825  
       787    0.044286  
       788   0.0443519  
       789   0.0444855  
       790   0.0442131  
       791   0.0440604  
       792   0.0439597  
       793   0.0436194  
       794   0.0438156  
       795   0.0436471  
       796   0.0436452  
       797   0.0435392  
       798   0.0435582  
       799   0.0436346  
       800   0.0436693  
       801   0.0435944  
       802   0.0436239  
       803   0.0434865  
       804   0.0433542  
       805   0.0433836  
       806   0.0433608  
       807   0.0433956  
       808   0.0433258  
       809   0.0431986  
       810   0.0431706  
       811   0.0431217  
       812   0.0431929  
       813   0.0431596  
       814   0.0430689  
       815   0.0429625  
       816   0.0430441  
       817   0.0428697  
       818   0.0427683  
       819   0.0427925  
       820   0.0427539  
       821    0.042527  
       822    0.042593  
       823   0.0423607  
       824   0.0423848  
       825   0.0422938  
       826   0.0423598  
       827    0.042363  
       828   0.0422719  
       829   0.0421022  
       830   0.0419795  
       831   0.0419407  
       832   0.0417552  
       833   0.0415643  
       834   0.0414677  
       835   0.0416543  
       836   0.0413951  
       837   0.0412198  
       838   0.0409814  
       839   0.0410001  
       840   0.0410136  
       841   0.0409641  
       842    0.040715  
       843   0.0407022  
       844   0.0407734  
       845   0.0406345  
       846    0.040506  
       847   0.0403828  
       848   0.0404067  
       849   0.0404516  
       850   0.0402126  
       851   0.0400157  
       852   0.0398712  
       853   0.0401002  
       854   0.0400873  
       855   0.0400691  
       856   0.0399771  
       857   0.0400326  
       858   0.0399459  
       859   0.0396064  
       860   0.0394406  
       861   0.0391273  
       862   0.0391194  
       863   0.0392591  
       864    0.039267  
       865   0.0393805  
       866   0.0392092  
       867   0.0389588  
       868   0.0388401  
       869   0.0388164  
       870   0.0387768  
       871   0.0387794  
       872   0.0386237  
       873   0.0385893  
       874   0.0384652  
       875   0.0382883  
       876   0.0381165  
       877   0.0382564  
       878   0.0379155  
       879    0.037955  
       880   0.0377513  
       881   0.0374208  
       882   0.0371377  
       883   0.0373146  
       884    0.037428  
       885   0.0375838  
       886   0.0373534  
       887   0.0371759  
       888   0.0372947  
       889   0.0372389  
       890   0.0371883  
       891   0.0370794  
       892   0.0370235  
       893   0.0367134  
       894   0.0366839  
       895   0.0363842  
       896   0.0362804  
       897   0.0361183  
       898   0.0361947  
       899    0.036022  
       900    0.035987  
       901   0.0358248  
       902   0.0358163  
       903   0.0356858  
       904   0.0354332  
       905    0.035345  
       906   0.0352781  
       907   0.0351102  
       908   0.0349211  
       909   0.0349018  
       910   0.0348401  
       911   0.0347464  
       912   0.0346846  
       913   0.0348991  
       914   0.0345875  
       915   0.0345575  
       916   0.0344478  
       917   0.0343699  
       918   0.0344782  
       919   0.0344109  
       920   0.0343277  
       921   0.0345425  
       922   0.0343581  
       923    0.034344  
       924   0.0342447  
       925   0.0342573  
       926   0.0342751  
       927   0.0342717  
       928   0.0342203  
       929    0.034334  
       930    0.034288  
       931   0.0340446  
       932   0.0338705  
       933   0.0338404  
       934   0.0336182  
       935   0.0335506  
       936   0.0335843  
       937   0.0335488  
       938   0.0336039  
       939   0.0333121  
       940   0.0332177  
       941    0.033166  
       942   0.0330235  
       943   0.0330038  
       944   0.0329627  
       945   0.0328789  
       946    0.032918  
       947   0.0330158  
       948   0.0333436  
       949   0.0330833  
       950   0.0332722  
       951   0.0332792  
       952   0.0330081  
       953   0.0329295  
       954   0.0328188  
       955   0.0326278  
       956   0.0326133  
       957   0.0325721  
       958   0.0324987  
       959   0.0326984  
       960   0.0325554  
       961    0.032632  
       962   0.0325157  
       963   0.0325388  
       964   0.0325725  
       965   0.0324401  
       966   0.0324685  
       967   0.0326095  
       968   0.0325575  
       969   0.0323981  
       970   0.0323621  
       971   0.0319397  
       972   0.0317533  
       973    0.031744  
       974   0.0316596  
       975   0.0316073  
       976   0.0316141  
       977   0.0315134  
       978   0.0312892  
       979   0.0313497  
       980   0.0313995  
       981   0.0314923  
       982   0.0313162  
       983    0.031237  
       984   0.0311092  
       985   0.0310083  
       986   0.0310204  
       987   0.0309787  
       988   0.0311254  
       989   0.0310029  
       990    0.031085  
       991   0.0310702  
       992   0.0309638  
       993   0.0308628  
       994   0.0308749  
       995   0.0309678  
       996   0.0311524  
       997   0.0310837  
       998   0.0308909  
       999   0.0307089  
      1000    0.030667  
      1001   0.0305388  
      1002   0.0304592  
      1003   0.0303956  
      1004   0.0304778  
      1005   0.0307058  
      1006   0.0305343  
      1007   0.0305302  
      1008   0.0301425  
      1009   0.0301708  
      1010   0.0300315  
      1011   0.0300002  
      1012   0.0300987  
      1013   0.0302566  
      1014   0.0301984  
      1015   0.0301455  
      1016   0.0299412  
      1017   0.0300126  
      1018   0.0301383  
      1019   0.0300204  
      1020   0.0299783  
      1021   0.0297304  
      1022   0.0297099  
      1023   0.0296027  
      1024   0.0294792  
      1025    0.029437  
      1026   0.0294651  
      1027   0.0291248  
      1028    0.028974  
      1029   0.0286552  
      1030   0.0288405  
      1031    0.028836  
      1032    0.028875  
      1033      0.0288  
      1034   0.0288118  
      1035   0.0287911  
      1036   0.0286075  
      1037   0.0284944  
      1038   0.0284031  
      1039   0.0284365  
      1040    0.028356  
      1041   0.0283351  
      1042   0.0281676  
      1043   0.0280869  
      1044   0.0280443  
      1045   0.0280995  
      1046    0.027785  
      1047   0.0278184  
      1048   0.0278736  
      1049   0.0278037  
      1050   0.0278426  
      1051   0.0277509  
      1052   0.0276265  
      1053      0.0276  
      1054   0.0277205  
      1055   0.0277431  
      1056   0.0277058  
      1057   0.0273743  
      1058   0.0271788  
      1059   0.0268417  
      1060   0.0269077  
      1061   0.0269574  
      1062   0.0269635  
      1063   0.0267406  
      1064   0.0268284  
      1065   0.0268236  
      1066   0.0268079  
      1067   0.0268358  
      1068   0.0268419  
      1069   0.0268643  
      1070   0.0268431  
      1071   0.0267673  
      1072   0.0267843  
      1073   0.0266647  
      1074   0.0267746  
      1075    0.026737  
      1076   0.0267649  
      1077    0.026536  
      1078   0.0266732  
      1079   0.0266574  
      1080    0.026658  
      1081   0.0267242  
      1082   0.0267741  
      1083   0.0266817  
      1084   0.0268027  
      1085     0.02665  
      1086   0.0266616  
      1087   0.0266567  
      1088   0.0267011  
      1089   0.0265374  
      1090   0.0266804  
      1091   0.0265057  
      1092   0.0266213  
      1093   0.0266548  
      1094   0.0266993  
      1095   0.0266944  
      1096   0.0265414  
      1097   0.0264378  
      1098   0.0264164  
      1099   0.0265651  
      1100   0.0264395  
      1101   0.0263467  
      1102   0.0264077  
      1103   0.0264906  
      1104   0.0264417  
      1105   0.0265137  
      1106   0.0266132  
      1107   0.0266303  
      1108   0.0266254  
      1109   0.0264006  
      1110   0.0263132  
      1111   0.0263192  
      1112   0.0262152  
      1113   0.0261057  
      1114   0.0259962  
      1115   0.0261233  
      1116   0.0261678  
      1117   0.0260857  
      1118   0.0258991  
      1119   0.0259215  
      1120   0.0258725  
      1121   0.0259115  
      1122   0.0258348  
      1123   0.0257967  
      1124   0.0258082  
      1125   0.0257866  
      1126    0.025787  
      1127   0.0257434  
      1128    0.025468  
      1129   0.0256946  
      1130   0.0257061  
      1131   0.0256679  
      1132   0.0255524  
      1133   0.0257239  
      1134   0.0257685  
      1135   0.0256585  
      1136   0.0257197  
      1137   0.0255765  
      1138    0.025472  
      1139   0.0253342  
      1140   0.0253843  
      1141   0.0253239  
      1142   0.0253796  
      1143   0.0252527  
      1144   0.0251038  
      1145   0.0252092  
      1146   0.0250546  
      1147   0.0250217  
      1148   0.0249556  
      1149   0.0248397  
      1150   0.0250061  
      1151   0.0250839  
      1152   0.0251286  
      1153   0.0252175  
      1154    0.025301  
      1155   0.0254676  
      1156    0.025407  
      1157   0.0252855  
      1158   0.0252193  
      1159   0.0250034  
      1160   0.0249482  
      1161   0.0248098  
      1162   0.0248267  
      1163   0.0248603  
      1164   0.0249938  
      1165   0.0251052  
      1166   0.0248778  
      1167    0.024817  
      1168   0.0250173  
      1169   0.0248121  
      1170   0.0246345  
      1171   0.0246626  
      1172   0.0246295  
      1173   0.0245908  
      1174   0.0245632  
      1175     0.02443  
      1176    0.024369  
      1177   0.0242524  
      1178   0.0241858  
      1179   0.0240357  
      1180   0.0239858  
      1181   0.0237187  
      1182   0.0238691  
      1183   0.0236743  
      1184   0.0237523  
      1185   0.0236187  
      1186   0.0237915  
      1187   0.0240257  
      1188    0.024076  
      1189   0.0239479  
      1190   0.0238142  
      1191   0.0236359  
      1192   0.0236806  
      1193     0.02353  
      1194   0.0236751  
      1195   0.0238482  
      1196   0.0239879  
      1197   0.0238205  
      1198   0.0238039  
      1199   0.0237537  
      1200   0.0236365  
      1201   0.0233684  
      1202   0.0234019  
      1203    0.023469  
      1204   0.0236088  
      1205    0.023676  
      1206   0.0237376  
      1207   0.0237992  
      1208   0.0236818  
      1209   0.0237323  
      1210   0.0236596  
      1211   0.0234302  
      1212   0.0233071  
      1213   0.0232679  
      1214   0.0233127  
      1215   0.0232063  
      1216   0.0232791  
      1217   0.0232455  
      1218   0.0231783  
      1219   0.0233408  
      1220   0.0232679  
      1221   0.0231446  
      1222   0.0230829  
      1223   0.0233409  
      1224   0.0233465  
      1225   0.0234644  
      1226   0.0233465  
      1227   0.0232399  
      1228   0.0232175  
      1229   0.0232343  
      1230   0.0234421  
      1231   0.0233129  
      1232   0.0230601  
      1233   0.0227904  
      1234   0.0229982  
      1235   0.0229532  
      1236   0.0229982  
      1237   0.0231837  
      1238   0.0231556  
      1239   0.0233693  
      1240   0.0233018  
      1241    0.023178  
      1242   0.0230429  
      1243    0.022981  
      1244   0.0228458  
      1245   0.0227669  
      1246   0.0225922  
      1247   0.0223555  
      1248   0.0223046  
      1249   0.0221974  
      1250   0.0221746  
      1251   0.0223267  
      1252   0.0221404  
      1253   0.0220049  
      1254    0.021999  
      1255   0.0218352  
      1256   0.0217221  
      1257    0.021671  
      1258   0.0219304  
      1259   0.0218342  
      1260   0.0221389  
      1261   0.0219636  
      1262   0.0220537  
      1263   0.0219349  
      1264   0.0217821  
      1265   0.0217931  
      1266   0.0214876  
      1267   0.0215947  
      1268   0.0215153  
      1269   0.0214527  
      1270   0.0214298  
      1271   0.0215143  
      1272   0.0213839  
      1273   0.0214062  
      1274   0.0214681  
      1275   0.0214791  
      1276   0.0214222  
      1277   0.0216597  
      1278   0.0215291  
      1279   0.0213419  
      1280   0.0215569  
      1281   0.0216246  
      1282   0.0214599  
      1283   0.0213405  
      1284   0.0211133  
      1285   0.0210562  
      1286    0.020914  
      1287   0.0208738  
      1288   0.0208734  
      1289   0.0209297  
      1290    0.020935  
      1291   0.0208778  
      1292    0.020724  
      1293   0.0205418  
      1294   0.0206606  
      1295    0.020842  
      1296   0.0209666  
      1297   0.0209037  
      1298   0.0209373  
      1299   0.0207038  
      1300   0.0208512  
      1301   0.0206118  
      1302   0.0204634  
      1303   0.0203093  
      1304   0.0204055  
      1305   0.0204392  
      1306   0.0204557  
      1307   0.0203755  
      1308   0.0201699  
      1309   0.0201808  
      1310   0.0201973  
      1311   0.0200315  
      1312   0.0200195  
      1313   0.0200474  
      1314   0.0198815  
      1315   0.0198295  
      1316   0.0198118  
      1317   0.0199025  
      1318   0.0198391  
      1319   0.0198556  
      1320   0.0197808  
      1321   0.0197173  
      1322   0.0198024  
      1323   0.0196589  
      1324   0.0195383  
      1325   0.0195377  
      1326   0.0196627  
      1327   0.0197649  
      1328   0.0195756  
      1329   0.0193806  
      1330   0.0194942  
      1331    0.019608  
      1332    0.019264  
      1333   0.0194865  
      1334   0.0195144  
      1335   0.0196568  
      1336   0.0195359  
      1337   0.0197471  
      1338   0.0194029  
      1339   0.0191731  
      1340   0.0192124  
      1341   0.0192747  
      1342    0.019337  
      1343   0.0193019  
      1344   0.0192725  
      1345   0.0192603  
      1346   0.0191908  
      1347   0.0191556  
      1348   0.0190459  
      1349   0.0191369  
      1350   0.0191534  
      1351   0.0191641  
      1352   0.0191461  
      1353    0.019243  
      1354    0.019093  
      1355   0.0188567  
      1356   0.0185858  
      1357   0.0186769  
      1358   0.0184979  
      1359   0.0185545  
      1360   0.0186916  
      1361   0.0188748  
      1362    0.018782  
      1363   0.0188617  
      1364   0.0186423  
      1365   0.0186069  
      1366   0.0184851  
      1367    0.018254  
      1368   0.0180573  
      1369   0.0181312  
      1370   0.0181303  
      1371   0.0180486  
      1372   0.0179958  
      1373   0.0178392  
      1374   0.0180458  
      1375   0.0180679  
      1376   0.0180669  
      1377   0.0178353  
      1378   0.0178169  
      1379   0.0176082  
      1380   0.0175379  
      1381   0.0174041  
      1382   0.0175993  
      1383   0.0175925  
      1384    0.017476  
      1385   0.0173767  
      1386   0.0172023  
      1387   0.0171434  
      1388   0.0168822  
      1389   0.0168174  
      1390   0.0169434  
      1391   0.0172256  
      1392   0.0172592  
      1393   0.0171251  
      1394   0.0169446  
      1395   0.0170244  
      1396   0.0169249  
      1397   0.0168485  
      1398   0.0169283  
      1399   0.0170314  
      1400   0.0169434  
      1401   0.0169886  
      1402   0.0170396  
      1403   0.0168935  
      1404   0.0168054  
      1405   0.0167172  
      1406    0.016774  
      1407   0.0168076  
      1408   0.0167426  
      1409   0.0168575  
      1410   0.0167402  
      1411    0.016681  
      1412   0.0165637  
      1413   0.0165276  
      1414   0.0164683  
      1415   0.0162985  
      1416   0.0164367  
      1417   0.0163831  
      1418   0.0163819  
      1419   0.0162934  
      1420   0.0162572  
      1421   0.0164013  
      1422   0.0165571  
      1423   0.0162999  
      1424   0.0162462  
      1425   0.0161111  
      1426   0.0161156  
      1427   0.0162772  
      1428    0.016043  
      1429   0.0161524  
      1430   0.0162792  
      1431   0.0161264  
      1432   0.0161018  
      1433   0.0158149  
      1434   0.0156969  
      1435   0.0158529  
      1436   0.0158632  
      1437   0.0160718  
      1438   0.0158488  
      1439   0.0157132  
      1440   0.0156593  
      1441   0.0158447  
      1442     0.01589  
      1443   0.0159354  
      1444   0.0160158  
      1445    0.015921  
      1446   0.0159546  
      1447   0.0159591  
      1448   0.0159344  
      1449    0.015857  
      1450   0.0158264  
      1451   0.0159011  
      1452   0.0158003  
      1453   0.0156702  
      1454   0.0154523  
      1455   0.0153104  
      1456   0.0153264  
      1457   0.0154362  
      1458   0.0154055  
      1459   0.0155036  
      1460   0.0153498  
      1461   0.0152253  
      1462   0.0152414  
      1463   0.0152926  
      1464   0.0154025  
      1465   0.0154597  
      1466   0.0153586  
      1467   0.0152456  
      1468    0.015162  
      1469   0.0149141  
      1470   0.0149184  
      1471   0.0148992  
      1472   0.0149329  
      1473   0.0149196  
      1474   0.0149415  
      1475   0.0149399  
      1476   0.0149208  
      1477   0.0148663  
      1478   0.0146767  
      1479   0.0146516  
      1480     0.01455  
      1481   0.0145954  
      1482   0.0145467  
      1483   0.0145157  
      1484   0.0144905  
      1485   0.0145595  
      1486   0.0142577  
      1487   0.0143089  
      1488   0.0142955  
      1489   0.0144116  
      1490   0.0141802  
      1491   0.0141255  
      1492   0.0139411  
      1493   0.0137743  
      1494   0.0139199  
      1495   0.0140538  
      1496    0.014052  
      1497   0.0141565  
      1498   0.0141135  
      1499   0.0140763  
      1500   0.0140392  
      1501   0.0141319  
      1502    0.014266  
      1503   0.0143824  
      1504   0.0142863  
      1505   0.0140955  
      1506    0.013822  
      1507    0.013702  
      1508   0.0137475  
      1509    0.013929  
      1510   0.0138918  
      1511   0.0136889  
      1512   0.0136871  
      1513   0.0136794  
      1514   0.0135889  
      1515   0.0137942  
      1516   0.0138575  
      1517   0.0138853  
      1518   0.0137178  
      1519   0.0136923  
      1520   0.0138208  
      1521   0.0137894  
      1522   0.0136217  
      1523   0.0137799  
      1524   0.0136062  
      1525   0.0135569  
      1526    0.013644  
      1527   0.0137134  
      1528   0.0136226  
      1529   0.0134487  
      1530   0.0132688  
      1531   0.0132906  
      1532   0.0134134  
      1533   0.0136076  
      1534   0.0134988  
      1535   0.0135683  
      1536   0.0135605  
      1537   0.0133922  
      1538   0.0133369  
      1539   0.0132458  
      1540   0.0133331  
      1541    0.013355  
      1542   0.0135435  
      1543   0.0133989  
      1544   0.0132839  
      1545   0.0130916  
      1546   0.0130777  
      1547   0.0131175  
      1548   0.0130798  
      1549   0.0129647  
      1550   0.0128496  
      1551   0.0130681  
      1552   0.0130304  
      1553   0.0128377  
      1554   0.0129371  
      1555   0.0128695  
      1556   0.0128854  
      1557   0.0129073  
      1558     0.01278  
      1559   0.0126288  
      1560    0.012782  
      1561   0.0126666  
      1562   0.0128915  
      1563   0.0129732  
      1564   0.0131026  
      1565   0.0128258  
      1566   0.0129195  
      1567   0.0129593  
      1568   0.0129036  
      1569   0.0127162  
      1570   0.0126724  
      1571   0.0124969  
      1572   0.0124649  
      1573   0.0125107  
      1574   0.0125207  
      1575   0.0125904  
      1576   0.0126782  
      1577   0.0126522  
      1578   0.0126862  
      1579   0.0126961  
      1580   0.0127001  
      1581   0.0127281  
      1582   0.0125402  
      1583   0.0124842  
      1584   0.0124882  
      1585   0.0125941  
      1586     0.01261  
      1587    0.012656  
      1588   0.0125219  
      1589   0.0124899  
      1590   0.0124038  
      1591   0.0123416  
      1592   0.0122555  
      1593   0.0121933  
      1594   0.0121551  
      1595   0.0120869  
      1596   0.0119345  
      1597   0.0119504  
      1598   0.0120564  
      1599   0.0121445  
      1600   0.0121724  
      1601   0.0119898  
      1602   0.0119516  
      1603   0.0118772  
      1604   0.0118449  
      1605   0.0118066  
      1606   0.0118345  
      1607   0.0118383  
      1608   0.0116494  
      1609   0.0116893  
      1610   0.0117413  
      1611   0.0118717  
      1612   0.0117249  
      1613   0.0115056  
      1614   0.0113284  
      1615   0.0114287  
      1616   0.0115169  
      1617   0.0115448  
      1618   0.0115607  
      1619   0.0116067  
      1620    0.011538  
      1621   0.0116022  
      1622   0.0116966  
      1623   0.0117367  
      1624    0.011523  
      1625   0.0115389  
      1626   0.0112222  
      1627   0.0112502  
      1628   0.0110664  
      1629   0.0112213  
      1630   0.0112432  
      1631   0.0113922  
      1632   0.0112144  
      1633   0.0112665  
      1634   0.0110402  
      1635   0.0110257  
      1636   0.0111445  
      1637   0.0111422  
      1638   0.0112307  
      1639   0.0111011  
      1640   0.0110018  
      1641   0.0108721  
      1642   0.0109789  
      1643   0.0108188  
      1644   0.0107436  
      1645   0.0107533  
      1646   0.0107084  
      1647    0.010791  
      1648   0.0106611  
      1649   0.0104947  
      1650   0.0103768  
      1651   0.0103257  
      1652   0.0102625  
      1653   0.0103207  
      1654   0.0103547  
      1655   0.0103643  
      1656   0.0103862  
      1657   0.0103289  
      1658   0.0102899  
      1659   0.0102144  
      1660   0.0100597  
      1661   0.0100268  
      1662  0.00995723  
      1663  0.00980243  
      1664  0.00993988  
      1665   0.0100348  
      1666   0.0100444  
      1667   0.0101332  
      1668   0.0100453  
      1669  0.00995743  
      1670  0.00991217  
      1671  0.00986079  
      1672  0.00988869  
      1673  0.00975797  
      1674  0.00985908  
      1675  0.00989919  
      1676  0.00998815  
      1677  0.00996726  
      1678  0.00979369  
      1679  0.00962617  
      1680  0.00936082  
      1681   0.0094131  
      1682  0.00938597  
      1683  0.00944439  
      1684  0.00955786  
      1685   0.0095613  
      1686  0.00966261  
      1687   0.0096722  
      1688  0.00963896  
      1689  0.00951391  
      1690  0.00957855  
      1691  0.00932488  
      1692    0.009463  
      1693  0.00957055  
      1694  0.00956175  
      1695  0.00943654  
      1696  0.00947674  
      1697  0.00945566  
      1698  0.00942232  
      1699  0.00939508  
      1700  0.00933717  
      1701  0.00924857  
      1702  0.00915381  
      1703   0.0093106  
      1704  0.00927105  
      1705  0.00938495  
      1706  0.00931469  
      1707  0.00914001  
      1708  0.00891612  
      1709  0.00893175  
      1710  0.00895352  
      1711  0.00907364  
      1712   0.0089602  
      1713  0.00878524  
      1714  0.00880087  
      1715  0.00879804  
      1716  0.00889363  
      1717  0.00901387  
      1718  0.00895569  
      1719  0.00894673  
      1720  0.00890698  
      1721   0.0091074  
      1722  0.00911077  
      1723  0.00892317  
      1724  0.00901279  
      1725  0.00896685  
      1726  0.00886542  
      1727  0.00875778  
      1728  0.00870559  
      1729  0.00888777  
      1730  0.00889727  
      1731  0.00884509  
      1732  0.00870649  
      1733  0.00866659  
      1734  0.00858963  
      1735  0.00852499  
      1736  0.00848504  
      1737  0.00855626  
      1738  0.00864604  
      1739  0.00853193  
      1740  0.00851667  
      1741  0.00845812  
      1742   0.0085727  
      1743  0.00854506  
      1744  0.00843081  
      1745  0.00821751  
      1746  0.00814029  
      1747  0.00814968  
      1748  0.00810337  
      1749  0.00804464  
      1750  0.00803545  
      1751  0.00803244  
      1752  0.00798606  
      1753  0.00828052  
      1754  0.00827136  
      1755   0.0082374  
      1756  0.00818482  
      1757  0.00811361  
      1758    0.008061  
      1759  0.00807661  
      1760  0.00807981  
      1761  0.00805199  
      1762  0.00808002  
      1763  0.00785968  
      1764  0.00776969  
      1765  0.00774798  
      1766  0.00772006  
      1767   0.0076424  
      1768   0.0075958  
      1769  0.00754919  
      1770  0.00749011  
      1771   0.0073626  
      1772  0.00721015  
      1773  0.00725675  
      1774  0.00734069  
      1775  0.00728775  
      1776  0.00737796  
      1777  0.00718178  
      1778  0.00723464  
      1779  0.00718786  
      1780  0.00711614  
      1781  0.00715031  
      1782  0.00709725  
      1783  0.00710651  
      1784   0.0069973  
      1785  0.00702526  
      1786  0.00700955  
      1787  0.00691897  
      1788  0.00679715  
      1789  0.00671273  
      1790  0.00685927  
      1791  0.00684977  
      1792  0.00689646  
      1793  0.00676203  
      1794  0.00679623  
      1795  0.00685544  
      1796  0.00702094  
      1797  0.00689893  
      1798  0.00690192  
      1799  0.00693618  
      1800  0.00690164  
      1801  0.00687336  
      1802   0.0066761  
      1803   0.0066102  
      1804  0.00654427  
      1805  0.00674131  
      1806  0.00683822  
      1807  0.00690384  
      1808  0.00692564  
      1809  0.00680958  
      1810  0.00674362  
      1811  0.00650209  
      1812  0.00633571  
      1813  0.00626334  
      1814   0.0064795  
      1815  0.00657653  
      1816  0.00641631  
      1817  0.00638783  
      1818  0.00624007  
      1819  0.00626178  
      1820  0.00625837  
      1821  0.00612305  
      1822  0.00623272  
      1823  0.00623559  
      1824   0.0062699  
      1825  0.00620992  
      1826  0.00618763  
      1827  0.00621566  
      1828  0.00628772  
      1829   0.0061459  
      1830  0.00605437  
      1831  0.00612016  
      1832   0.0061482  
      1833  0.00608179  
      1834  0.00604685  
      1835   0.0060623  
      1836  0.00614706  
      1837  0.00604908  
      1838  0.00593848  
      1839  0.00577108  
      1840  0.00578649  
      1841  0.00578297  
      1842  0.00574791  
      1843   0.0058832  
      1844   0.0059302  
      1845  0.00590778  
      1846  0.00592323  
      1847  0.00578081  
      1848  0.00583414  
      1849  0.00570428  
      1850   0.0056818  
      1851  0.00558979  
      1852  0.00566207  
      1853   0.0057344  
      1854  0.00583204  
      1855  0.00572733  
      1856  0.00567318  
      1857  0.00561269  
      1858  0.00561547  
      1859  0.00560558  
      1860  0.00564633  
      1861  0.00565544  
      1862  0.00557589  
      1863  0.00559132  
      1864  0.00542934  
      1865   0.0054194  
      1866  0.00540312  
      1867  0.00543122  
      1868  0.00526274  
      1869  0.00511955  
      1870  0.00513491  
      1871  0.00506781  
      1872  0.00513394  
      1873  0.00507314  
      1874  0.00496152  
      1875  0.00491972  
      1876  0.00483343  
      1877  0.00491864  
      1878  0.00495941  
      1879  0.00490486  
      1880  0.00493928  
      1881   0.0048402  
      1882  0.00486826  
      1883   0.0047564  
      1884  0.00459359  
      1885  0.00450709  
      1886  0.00462421  
      1887  0.00459496  
      1888  0.00466122  
      1889  0.00463197  
      1890  0.00463456  
      1891  0.00452883  
      1892  0.00442307  
      1893  0.00440013  
      1894  0.00437717  
      1895  0.00455826  
      1896  0.00447153  
      1897  0.00442944  
      1898  0.00415764  
      1899  0.00410271  
      1900  0.00412435  
      1901  0.00419707  
      1902  0.00416126  
      1903  0.00417652  
      1904  0.00421736  
      1905   0.0042007  
      1906  0.00408819  
      1907  0.00407788  
      1908   0.0040484  
      1909  0.00404448  
      1910  0.00406615  
      1911  0.00394709  
      1912  0.00398794  
      1913  0.00390721  
      1914  0.00378165  
      1915  0.00386731  
      1916   0.0037865  
      1917  0.00380814  
      1918  0.00389386  
      1919   0.0038835  
      1920   0.0039244  
      1921  0.00386917  
      1922  0.00374981  
      1923  0.00366886  
      1924  0.00368409  
      1925  0.00366085  
      1926    0.003567  
      1927  0.00361432  
      1928  0.00371301  
      1929  0.00366406  
      1930  0.00371143  
      1931  0.00380378  
      1932  0.00371628  
      1933  0.00366729  
      1934  0.00358615  
      1935  0.00358211  
      1936  0.00362952  
      1937  0.00363193  
      1938  0.00346066  
      1939  0.00329576  
      1940  0.00320157  
      1941  0.00324894  
      1942  0.00319333  
      1943  0.00342747  
      1944  0.00342984  
      1945  0.00327761  
      1946  0.00329927  
      1947  0.00328872  
      1948  0.00325883  
      1949  0.00346103  
      1950   0.0035279  
      1951  0.00344644  
      1952  0.00355205  
      1953  0.00338667  
      1954  0.00348584  
      1955  0.00356569  
      1956  0.00349708  
      1957  0.00339615  
      1958  0.00354707  
      1959  0.00340088  
      1960  0.00331926  
      1961  0.00323759  
      1962  0.00309124  
      1963  0.00319054  
      1964  0.00324461  
      1965  0.00309171  
      1966  0.00315225  
      1967   0.0031028  
      1968  0.00318278  
      1969  0.00319158  
      1970  0.00321335  
      1971  0.00309911  
      1972  0.00302369  
      1973  0.00277979  
      1974  0.00280148  
      1975  0.00298523  
      1976  0.00316904  
      1977  0.00316488  
      1978  0.00319317  
      1979  0.00305927  
      1980  0.00289937  
      1981  0.00288218  
      1982  0.00286498  
      1983  0.00292568  
      1984  0.00290849  
      1985  0.00289778  
      1986  0.00293904  
      1987  0.00295431  
      1988   0.0029956  
      1989   0.0029199  
      1990  0.00301972  
      1991  0.00299601  
      1992  0.00279017  
      1993  0.00277942  
      1994  0.00278818  
      1995  0.00302477  
      1996  0.00304009  
      1997  0.00295124  
      1998  0.00309031  
      1999  0.00302099  
      2000   0.0030689  
      2001  0.00309729  
      2002  0.00313222  
      2003  0.00293897  
      2004   0.0028304  
      2005  0.00276094  
      2006  0.00262619  
      2007  0.00253708  
      2008  0.00259152  
      2009  0.00276999  
      2010  0.00288978  
      2011  0.00287247  
      2012  0.00267881  
      2013  0.00277252  
      2014  0.00287935  
      2015  0.00294699  
      2016  0.00292967  
      2017  0.00281428  
      2018  0.00273808  
      2019  0.00273381  
      2020  0.00258559  
      2021  0.00251582  
      2022  0.00229549  
      2023  0.00243515  
      2024  0.00232604  
      2025  0.00245267  
      2026  0.00240901  
      2027  0.00241119  
      2028  0.00234132  
      2029  0.00239594  
      2030  0.00236535  
      2031  0.00253804  
      2032   0.0024878  
      2033   0.0022932  
      2034  0.00211164  
      2035  0.00200221  
      2036  0.00207654  
      2037  0.00217059  
      2038   0.0021005  
      2039  0.00210264  
      2040  0.00196681  
      2041  0.00196234  
      2042  0.00199732  
      2043  0.00202575  
      2044  0.00204101  
      2045  0.00218782  
      2046  0.00227551  
      2047  0.00223164  
      2048  0.00212193  
      2049  0.00199902  
      2050  0.00191553  
      2051  0.00193739  
      2052  0.00194609  
      2053  0.00194821  
      2054  0.00191737  
      2055  0.00194584  
      2056  0.00171722  
      2057  0.00194347  
      2058  0.00185325  
      2059  0.00190153  
      2060  0.00177828  
      2061  0.00178036  
      2062  0.00187484  
      2063  0.00190335  
      2064  0.00181302  
      2065  0.00172264  
      2066  0.00165203  
      2067  0.00163427  
      2068  0.00170241  
      2069  0.00181687  
      2070  0.00177267  
      2071  0.00183427  
      2072  0.00165116  
      2073  0.00153414  
      2074  0.00162219  
      2075  0.00158453  
      2076  0.00163954  
      2077  0.00156214  
      2078  0.00162379  
      2079  0.00153972  
      2080  0.00166765  
      2081  0.00162996  
      2082  0.00172482  
      2083  0.00156114  
      2084  0.00156318  
      2085  0.00158513  
      2086  0.00173314  
      2087   0.0015826  
      2088    0.001505  
      2089  0.00149377  
      2090  0.00157549  
      2091   0.0016041  
      2092  0.00161943  
      2093  0.00158827  
      2094  0.00144413  
      2095  0.00145945  
      2096  0.00141495  
      2097  0.00148345  
      2098  0.00140568  
      2099  0.00164718  
      2100  0.00160933  
      2101  0.00164466  
      2102  0.00150028  
      2103   0.0014424  
      2104  0.00135786  
      2105  0.00136654  
      2106  0.00137522  
      2107  0.00129725  
      2108  0.00137258  
      2109  0.00142793  
      2110   0.0012966  
      2111  0.00135861  
      2112  0.00136729  
      2113  0.00134929  
      2114  0.00131794  
      2115  0.00155359  
      2116  0.00146883  
      2117  0.00145083  
      2118  0.00128589  
      2119  0.00112087  
      2120  0.00118298  
      2121  0.00103792  
      2122  0.00103987  
      2123  0.000995019 
      2124  0.00107051  
      2125  0.00118619  
      2126  0.00126178  
      2127  0.00115001  
      2128  0.00116537  
      2129  0.00105353  
      2130  0.000847897 
      2131  0.000802926 
      2132  0.000757937 
      2133  0.000786635 
      2134  0.000822047 
      2135  0.000884286 
      2136  0.00091303  
      2137  0.000914959 
      2138  0.00096384  
      2139  0.000992622 
      2140  0.000954308 
      2141  0.000714609 
      2142  0.000602351 
      2143  0.00059078  
      2144  0.000666529 
      2145  0.000708729 
      2146  0.000724061 
      2147  0.000793152 
      2148  0.000774888 
      2149  0.000796966 
      2150  0.000765259 
      2151  0.000672993 
      2152  0.000708509 
      2153  0.000844986 
      2154  0.000894021 
      2155  0.000754585 
      2156  0.000830559 
      2157  0.000670819 
      2158  0.000605333 
      2159  0.000371375 
      2160  0.000312546 
      2161  0.000334568 
      2162  0.000464487 
      2163  0.000607963 
      2164  0.000596354 
      2165  0.000422801 
      2166  0.000363895 
      2167  0.00036572  
      2168  0.000381043 
      2169  0.00035586  
      2170  0.000310411 
      2171  0.00029872  
      2172  0.000408633 
      2173  0.000403703 
      2174  0.000304145 
      2175  0.000238345 
      2176  0.000152229 
      2177  0.00012018  
      2178  0.000216679 
      2179  0.000211706 
      2180  0.000152582 
      2181  5.41819e-06 
      2182  4.78042e-05 
      2183  8.92391e-06 
      2184  6.48699e-05 
      2185  0.000202165 
      2186  0.000346296 
      2187  0.000354897 
      2188  0.000153301 
      2189  9.40527e-05 
      2190  0.00010262  
      2191  0.000280809 
      2192  0.000153672 
      2193  0.000209758 
      2194  -4.64325e-05
      2195  -0.000105797
      2196  -0.000205947
      2197  -0.000299371
      2198  -0.000188952
      2199  -0.000268781
      2200  -0.000117521
      2201  -7.49993e-05
      2202  -2.56507e-05
      2203  -1.70977e-05
      2204  -4.93608e-05
      2205  4.76558e-05 
      2206  -4.58636e-05
      2207  3.75987e-05 
      2208  5.30365e-06 
      2209  5.47443e-05 
      2210  0.000117837 
      2211  0.000140067 
      2212  0.000135055 
      2213  -0.000101778
      2214  -0.000147774
      2215  -0.000193775
      2216  -0.000219341
      2217  -0.00019716 
      2218  -1.79905e-05
      2219  -9.13187e-05
      2220  -0.00011688 
      2221  -0.000313194
      2222  -0.000209039
      2223  -0.000261976
      2224  -0.000226101
      2225  -0.00018336 
      2226  -0.000167967
      2227  -9.10145e-05
      2228  -0.000219218
      2229  -0.000251721
      2230  -0.000373171
      2231  -0.000378325
      2232  -0.000424554
      2233  -0.000525585
      2234  -0.000551324
      2235  -0.000529127
      2236  -0.000595991
      2237  -0.000573786
      2238  -0.000654394
      2239  -0.000522499
      2240  -0.000417976
      2241  -0.000587768
      2242  -0.000702761
      2243  -0.00079035 
      2244  -0.000781884
      2245  -0.000945048
      2246  -0.000936612
      2247  -0.000893826
      2248  -0.00073425 
      2249  -0.000732645
      2250  -0.000655411
      2251  -0.000853132
      2252  -0.000989062
      2253  -0.000849965
      2254  -0.000731427
      2255  -0.000544028
      2256  -0.000473558
      2257  -0.000389291
      2258  -0.000332524
      2259  -0.000220628
      2260  -0.0003842  
      2261  -0.00047207 
      2262  -0.000649559
      2263  -0.000668602
      2264  -0.000701434
      2265  -0.000630842
      2266  -0.000656792
      2267  -0.000544779
      2268  -0.000432713
      2269  -0.000479338
      2270  -0.000401715
      2271  -0.000406933
      2272  -0.000570979
      2273  -0.000714387
      2274  -0.000768023
      2275  -0.000745676
      2276  -0.000612733
      2277  -0.000638734
      2278  -0.000726982
      2279  -0.000628512
      2280  -0.00074448 
      2281  -0.000611393
      2282  -0.000706633
      2283  -0.000670369
      2284  -0.000848762
      2285  -0.000770988
      2286  -0.000845567
      2287  -0.000719239
      2288  -0.000821557
      2289  -0.000778362
      2290  -0.000645001
      2291  -0.000504648
      2292  -0.000482164
      2293  -0.000640057
      2294  -0.000714733
      2295  -0.000713093
      2296  -0.00066981 
      2297  -0.000661225
      2298  -0.000610939
      2299  -0.000810754
      2300  -0.000802196
      2301  -0.000807526
      2302  -0.000771153
      2303  -0.000769529
      2304  -0.000747029
      2305  -0.000814957
      2306  -0.000917722
      2307  -0.000874369
      2308  -0.000900617
      2309  -0.00080153 
      2310  -0.00077901 
      2311  -0.000756485
      2312  -0.000782729
      2313  -0.000941386
      2314  -0.00105828 
      2315  -0.00108461 
      2316  -0.00104122 
      2317  -0.0010536  
      2318  -0.00107993 
      2319  -0.00107139 
      2320  -0.00091627 
      2321  -0.00104732 
      2322  -0.00103876 
      2323  -0.00114894 
      2324  -0.00101465 
      2325  -0.000978129
      2326  -0.000878703
      2327  -0.000960986
      2328  -0.000994342
      2329  -0.00112564 
      2330  -0.00103314 
      2331  -0.0011855  
      2332  -0.00129595 
      2333  -0.00146242 
      2334  -0.00139791 
      2335  -0.00141744 
      2336  -0.00130387 
      2337  -0.00140044 
      2338  -0.00148302 
      2339  -0.00141846 
      2340  -0.00146605 
      2341  -0.00143652 
      2342  -0.0013789  
      2343  -0.00141949 
      2344  -0.00136187 
      2345  -0.00136737 
      2346  -0.00136586 
      2347  -0.00145564 
      2348  -0.00139095 
      2349  -0.00153698 
      2350  -0.00138091 
      2351  -0.00157619 
      2352  -0.00145522 
      2353  -0.00153109 
      2354  -0.00140302 
      2355  -0.00148591 
      2356  -0.00141407 
      2357  -0.00131404 
      2358  -0.00119285 
      2359  -0.00125466 
      2360  -0.0013165  
      2361  -0.00144882 
      2362  -0.00144029 
      2363  -0.00162202 
      2364  -0.00156416 
      2365  -0.0015486  
      2366  -0.00136378 
      2367  -0.00132699 
      2368  -0.00117729 
      2369  -0.00122512 
      2370  -0.00118124 
      2371  -0.00125736 
      2372  -0.00124168 
      2373  -0.00116948 
      2374  -0.00103369 
      2375  -0.00108865 
      2376  -0.00124256 
      2377  -0.00129049 
      2378  -0.00118995 
      2379  -0.00120961 
      2380  -0.00113024 
      2381  -0.00119235 
      2382  -0.00122619 
      2383  -0.00119631 
      2384  -0.00108146 
      2385  -0.0011507  
      2386  -0.00115621 
      2387  -0.00116882 
      2388  -0.0010822  
      2389  -0.00122948 
      2390  -0.00124919 
      2391  -0.00125474 
      2392  -0.0012461  
      2393  -0.00137934 
      2394  -0.00137783 
      2395  -0.00134083 
      2396  -0.00131799 
      2397  -0.00135196 
      2398  -0.00141436 
      2399  -0.00145548 
      2400  -0.00140422 
      2401  -0.00146667 
      2402  -0.00148649 
      2403  -0.00152766 
      2404  -0.00146927 
      2405  -0.00140374 
      2406  -0.00143779 
      2407  -0.00144339 
      2408  -0.00146325 
      2409  -0.00130508 
      2410  -0.00138188 
      2411  -0.00138034 
      2412  -0.00132182 
      2413  -0.00130602 
      2414  -0.00127595 
      2415  -0.00127441 
      2416  -0.00141551 
      2417  -0.00145679 
      2418  -0.00153375 
      2419  -0.00141092 
      2420  -0.00131661 
      2421  -0.00126507 
      2422  -0.00132779 
      2423  -0.00124052 
      2424  -0.00126039 
      2425  -0.00117307 
      2426  -0.00122867 
      2427  -0.00128432 
      2428  -0.00126846 
      2429  -0.00121682 
      2430  -0.00125102 
      2431  -0.00134966 
      2432  -0.00139107 
      2433  -0.00141101 
      2434  -0.00131638 
      2435  -0.00124321 
      2436  -0.00126314 
      2437  -0.0012329  
      2438  -0.0012815  
      2439  -0.00138033 
      2440  -0.00131424 
      2441  -0.00133421 
      2442  -0.00136853 
      2443  -0.00158947 
      2444  -0.00155926 
      2445  -0.00143571 
      2446  -0.00144855 
      2447  -0.0014542  
      2448  -0.00149579 
      2449  -0.00145835 
      2450  -0.00137055 
      2451  -0.00134744 
      2452  -0.00128837 
      2453  -0.00126523 
      2454  -0.0013284  
      2455  -0.00135563 
      2456  -0.00128931 
      2457  -0.00127334 
      2458  -0.00125017 
      2459  -0.00131343 
      2460  -0.0013623  
      2461  -0.00133193 
      2462  -0.00131595 
      2463  -0.00116298 
      2464  -0.00116858 
      2465  -0.00133291 
      2466  -0.00128086 
      2467  -0.00119989 
      2468  -0.00112611 
      2469  -0.00116784 
      2470  -0.00130345 
      2471  -0.00128743 
      2472  -0.00136533 
      2473  -0.00133487 
      2474  -0.0014851  
      2475  -0.00137513 
      2476  -0.00144588 
      2477  -0.00130693 
      2478  -0.00132706 
      2479  -0.00123143 
      2480  -0.00128775 
      2481  -0.00135133 
      2482  -0.00140045 
      2483  -0.0013627  
      2484  -0.00134666 
      2485  -0.00129436 
      2486  -0.00124929 
      2487  -0.00120421 
      2488  -0.00124614 
      2489  -0.0012663  
      2490  -0.00136628 
      2491  -0.00148082 
      2492  -0.00134139 
      2493  -0.00138339 
      2494  -0.00137458 
      2495  -0.0013948  
      2496  -0.00140777 
      2497  -0.00144982 
      2498  -0.00134652 
      2499  -0.00127225 
      2500  -0.0013143  
      2501  -0.00126182 
      2502  -0.00137663 
      2503  -0.00141872 
      2504  -0.00153363 
      2505  -0.00144474 
      2506  -0.00145776 
      2507  -0.00147806 
      2508  -0.00149111 
      2509  -0.00154785 
      2510  -0.00148801 
      2511  -0.00140629 
      2512  -0.00140475 
      2513  -0.00133753 
      2514  -0.00137243 
      2515  -0.00130519 
      2516  -0.00140581 
      2517  -0.00125824 
      2518  -0.00135885 
      2519  -0.00132077 
      2520  -0.00132651 
      2521  -0.0011934  
      2522  -0.00116984 
      2523  -0.00124864 
      2524   -0.001386  
      2525  -0.00136249 
      2526  -0.00134626 
      2527  -0.00124957 
      2528  -0.00128458 
      2529  -0.00131959 
      2530  -0.00133996 
      2531  -0.00130176 
      2532  -0.00127088 
      2533  -0.00123263 
      2534  -0.00131164 
      2535  -0.00135405 
      2536  -0.00131582 
      2537  -0.00135823 
      2538  -0.00135664 
      2539  -0.00131105 
      2540  -0.00123606 
      2541  -0.00127849 
      2542  -0.00130628 
      2543  -0.0012753  
      2544  -0.00124431 
      2545  -0.00126475 
      2546  -0.00139545 
      2547  -0.00138652 
      2548  -0.00126729 
      2549  -0.00105974 
      2550  -0.000896256
      2551  -0.000931355
      2552  -0.00100325 
      2553   -0.001193  
      2554  -0.00117667 
      2555  -0.00130025 
      2556  -0.00118813 
      2557  -0.00119388 
      2558  -0.00110382 
      2559  -0.00127911 
      2560  -0.00115213 
      2561  -0.00129802 
      2562  -0.00137758 
      2563  -0.00138337 
      2564  -0.00142606 
      2565  -0.00143188 
      2566  -0.00150416 
      2567  -0.00151738 
      2568  -0.00149365 
      2569  -0.00147731 
      2570  -0.00149794 
      2571  -0.00153335 
      2572  -0.00148742 
      2573  -0.00138231 
      2574  -0.00158789 
      2575  -0.00149755 
      2576  -0.00150337 
      2577  -0.00130932 
      2578  -0.00133735 
      2579  -0.00133575 
      2580  -0.00119337 
      2581  -0.00132513 
      2582  -0.00131614 
      2583  -0.00151471 
      2584  -0.00138706 
      2585   -0.001519  
      2586  -0.00138391 
      2587  -0.00145651 
      2588  -0.00134358 
      2589  -0.00129744 
      2590  -0.00126614 
      2591  -0.0012868  
      2592  -0.00133717 
      2593  -0.0014099  
      2594  -0.00156444 
      2595  -0.00155544 
      2596  -0.00147951 
      2597  -0.00123246 
      2598  -0.00121595 
      2599  -0.00128129 
      2600  -0.00127222 
      2601  -0.00141953 
      2602  -0.00140305 
      2603  -0.00140144 
      2604  -0.00137749 
      2605  -0.00141319 
      2606  -0.00142649 
      2607  -0.00143235 
      2608  -0.00131889 
      2609  -0.00139935 
      2610  -0.00137536 
      2611  -0.00138867 
      2612  -0.00130496 
      2613  -0.00128094 
      2614  -0.00135402 
      2615  -0.00139722 
      2616  -0.00136573 
      2617  -0.00134171 
      2618  -0.00133262 
      2619  -0.00139082 
      2620  -0.00147151 
      2621  -0.00146245 
      2622  -0.00145338 
      2623  -0.00150418 
      2624  -0.00148014 
      2625  -0.00145611 
      2626   -0.001462  
      2627  -0.00152035 
      2628  -0.00157124 
      2629  -0.0015397  
      2630  -0.00146314 
      2631  -0.00151405 
      2632  -0.00147498 
      2633  -0.00164596 
      2634  -0.00152434 
      2635  -0.00159031 
      2636  -0.00155872 
      2637  -0.00163227 
      2638  -0.00154057 
      2639  -0.00150142 
      2640  -0.00146978 
      2641  -0.00149826 
      2642  -0.00148164 
      2643  -0.00141235 
      2644  -0.00134304 
      2645  -0.00147687 
      2646  -0.00155053 
      2647  -0.0016092  
      2648  -0.00156999 
      2649  -0.00148555 
      2650  -0.0014011  
      2651  -0.00143717 
      2652  -0.00146572 
      2653  -0.00146412 
      2654  -0.00145498 
      2655  -0.00142322 
      2656  -0.00158759 
      2657  -0.00162374 
      2658  -0.00155426 
      2659  -0.00156779 
      2660  -0.00144537 
      2661  -0.00148153 
      2662  -0.00149506 
      2663  -0.00165973 
      2664  -0.00177912 
      2665  -0.00177758 
      2666  -0.00172312 
      2667  -0.00175942 
      2668  -0.00175032 
      2669  -0.00167309 
      2670  -0.00167156 
      2671  -0.00160185 
      2672  -0.00156997 
      2673  -0.00159112 
      2674  -0.00163502 
      2675  -0.0016562  
      2676  -0.00173802 
      2677  -0.00171374 
      2678  -0.00175011 
      2679  -0.00158168 
      2680  -0.0014511  
      2681  -0.00138115 
      2682  -0.00142509 
      2683  -0.00149183 
      2684  -0.00150542 
      2685  -0.00142024 
      2686  -0.00148702 
      2687  -0.0014398  
      2688  -0.00140016 
      2689  -0.00136813 
      2690  -0.00127521 
      2691  -0.0012355  
      2692  -0.00134799 
      2693  -0.00136158 
      2694  -0.00153508 
      2695  -0.00167818 
      2696  -0.00181374 
      2697  -0.00166744 
      2698  -0.00169637 
      2699  -0.00164145 
      2700  -0.00167036 
      2701  -0.00159253 
      2702  -0.00162147 
      2703  -0.00175725 
      2704  -0.00177859 
      2705  -0.00182287 
      2706  -0.00169918 
      2707  -0.00172052 
      2708  -0.00184119 
      2709  -0.00185496 
      2710  -0.00188401 
      2711  -0.00170664 
      2712  -0.00165154 
      2713  -0.00164997 
      2714  -0.00175552 
      2715  -0.00179223 
      2716  -0.0017907  
      2717  -0.00162071 
      2718  -0.00155784 
      2719  -0.00157156 
      2720  -0.0016849  
      2721  -0.00167568 
      2722  -0.00162809 
      2723  -0.0017032  
      2724  -0.00161727 
      2725  -0.0016924  
      2726  -0.0017599  
      2727  -0.0018658  
      2728  -0.00177982 
      2729  -0.00175523 
      2730  -0.00182282 
      2731  -0.00187506 
      2732  -0.00188889 
      2733  -0.00190275 
      2734  -0.00183204 
      2735  -0.00167667 
      2736  -0.00164433 
      2737  -0.00158119 
      2738  -0.00154881 
      2739  -0.00153179 
      2740  -0.00159177 
      2741  -0.00149006 
      2742  -0.00161171 
      2743  -0.00154073 
      2744  -0.00156995 
      2745  -0.00161462 
      2746  -0.00171327 
      2747  -0.00186597 
      2748  -0.00198017 
      2749  -0.00187835 
      2750  -0.00181504 
      2751  -0.00186755 
      2752  -0.00179651 
      2753  -0.00183358 
      2754  -0.0016775  
      2755  -0.00171454 
      2756  -0.00171297 
      2757  -0.00171141 
      2758  -0.00171756 
      2759  -0.00176241 
      2760  -0.00180727 
      2761  -0.00179797 
      2762  -0.00181191 
      2763  -0.00196524 
      2764  -0.00191724 
      2765  -0.00181497 
      2766  -0.00169718 
      2767  -0.0018119  
      2768  -0.00181031 
      2769  -0.00183978 
      2770  -0.00164431 
      2771  -0.00159616 
      2772  -0.00153243 
      2773  -0.00167831 
      2774  -0.00164567 
      2775  -0.00176833 
      2776  -0.00166577 
      2777  -0.00161756 
      2778  -0.00149159 
      2779  -0.00144328 
      2780  -0.00144162 
      2781  -0.00149443 
      2782  -0.00155505 
      2783  -0.00154562 
      2784  -0.00159071 
      2785  -0.00173705 
      2786  -0.00186008 
      2787  -0.00193642 
      2788  -0.00194268 
      2789  -0.00191776 
      2790  -0.00190842 
      2791  -0.0018835  
      2792  -0.00195216 
      2793  -0.00191161 
      2794  -0.00192568 
      2795  -0.0019944  
      2796  -0.00203192 
      2797  -0.00200696 
      2798  -0.00195077 
      2799  -0.00205864 
      2800  -0.00204148 
      2801  -0.00205561 
      2802  -0.00201502 
      2803  -0.00210734 
      2804  -0.00199632 
      2805  -0.00197133 
      2806  -0.00196981 
      2807  -0.00197608 
      2808  -0.00184143 
      2809  -0.00186337 
      2810  -0.00185397 
      2811  -0.00189159 
      2812  -0.00190573 
      2813  -0.00185712 
      2814  -0.00179281 
      2815  -0.00171278 
      2816  -0.00182105 
      2817  -0.0019686  
      2818  -0.00198277 
      2819  -0.00195768 
      2820  -0.00192472 
      2821  -0.00175032 
      2822  -0.00174086 
      2823  -0.00177859 
      2824  -0.00186349 
      2825  -0.00195629 
      2826  -0.00182888 
      2827  -0.00177224 
      2828  -0.00180213 
      2829   -0.001895  
      2830  -0.00195644 
      2831  -0.00195491 
      2832  -0.00190609 
      2833  -0.00206213 
      2834  -0.00191875 
      2835  -0.00193296 
      2836  -0.00182887 
      2837  -0.00185884 
      2838  -0.0018494  
      2839  -0.00177679 
      2840  -0.00173571 
      2841  -0.00174201 
      2842  -0.00170093 
      2843  -0.0015887  
      2844  -0.0017767  
      2845  -0.00170398 
      2846  -0.00167076 
      2847  -0.00159004 
      2848   -0.001533  
      2849  -0.00165796 
      2850  -0.00175131 
      2851  -0.00186052 
      2852  -0.00181937 
      2853  -0.00177026 
      2854  -0.00168942 
      2855  -0.00178289 
      2856  -0.0017179  
      2857  -0.00188277 
      2858  -0.00177018 
      2859  -0.00168926 
      2860  -0.00162414 
      2861  -0.00161458 
      2862  -0.00163675 
      2863  -0.00165892 
      2864  -0.00182408 
      2865  -0.00187017 
      2866  -0.00190038 
      2867  -0.00177955 
      2868  -0.00173822 
      2869  -0.00176047 
      2870  -0.00171906 
      2871  -0.00176519 
      2872  -0.00181136 
      2873  -0.00186547 
      2874  -0.00196738 
      2875  -0.0019977  
      2876  -0.00198023 
      2877  -0.00195475 
      2878  -0.00200897 
      2879  -0.00189582 
      2880  -0.00188627 
      2881  -0.00186871 
      2882  -0.00187511 
      2883  -0.00199326 
      2884  -0.00200766 
      2885  -0.00210192 
      2886  -0.00207645 
      2887  -0.00213881 
      2888  -0.00204937 
      2889  -0.00204785 
      2890  -0.00207829 
      2891  -0.00210074 
      2892  -0.0020352  
      2893  -0.00197764 
      2894  -0.00200811 
      2895  -0.00198253 
      2896   -0.002029  
      2897  -0.00200344 
      2898  -0.00204995 
      2899  -0.0020564  
      2900  -0.00203081 
      2901  -0.00190901 
      2902  -0.00193147 
      2903  -0.00195395 
      2904  -0.00204064 
      2905  -0.00192675 
      2906  -0.00186896 
      2907  -0.00188341 
      2908  -0.00190593 
      2909  -0.00202484 
      2910  -0.00198311 
      2911  -0.00189313 
      2912  -0.00175485 
      2913  -0.00185776 
      2914  -0.00196878 
      2915  -0.00202354 
      2916  -0.00195759 
      2917  -0.00193186 
      2918  -0.00194637 
      2919  -0.00204145 
      2920  -0.00195934 
      2921  -0.00190134 
      2922  -0.00197228 
      2923  -0.00198684 
      2924  -0.00200947 
      2925  -0.00174973 
      2926  -0.00173195 
      2927  -0.00164963 
      2928  -0.0017287  
      2929  -0.00175127 
      2930  -0.00179003 
      2931  -0.0018288  
      2932  -0.00189991 
      2933  -0.0019549  
      2934  -0.00189672 
      2935  -0.00193555 
      2936  -0.00190969 
      2937  -0.00191619 
      2938  -0.00183366 
      2939  -0.00162151 
      2940  -0.00161985 
      2941  -0.00153718 
      2942  -0.0016165  
      2943  -0.00169586 
      2944  -0.00176718 
      2945  -0.00174931 
      2946  -0.00167466 
      2947  -0.00163245 
      2948  -0.00161455 
      2949  -0.00168591 
      2950  -0.00173296 
      2951  -0.00181254 
      2952  -0.00172154 
      2953  -0.00177676 
      2954  -0.00175888 
      2955  -0.00188731 
      2956  -0.00184505 
      2957  -0.00176207 
      2958  -0.00171161 
      2959  -0.00184017 
      2960  -0.00187924 
      2961  -0.00188577 
      2962  -0.00190859 
      2963  -0.00188253 
      2964  -0.00194612 
      2965   -0.001863  
      2966  -0.00197551 
      2967  -0.00199024 
      2968  -0.00202129 
      2969  -0.00188914 
      2970  -0.00176509 
      2971  -0.00174711 
      2972  -0.00169646 
      2973    -0.00185  
      2974  -0.0019464  
      2975  -0.00201836 
      2976  -0.00203311 
      2977  -0.0020479  
      2978  -0.00207085 
      2979  -0.00207743 
      2980  -0.00202679 
      2981  -0.00191061 
      2982  -0.00173705 
      2983  -0.00171901 
      2984  -0.00170097 
      2985  -0.00184676 
      2986  -0.00197627 
      2987  -0.00201567 
      2988  -0.00195668 
      2989  -0.00195506 
      2990  -0.00203549 
      2991  -0.00203391 
      2992  -0.00191739 
      2993  -0.00174334 
      2994  -0.00175811 
      2995  -0.00187146 
      2996  -0.00200952 
      2997  -0.00203258 
      2998  -0.00197344 
      2999  -0.00176623 
      3000  -0.00176458 
      3001  -0.00170532 
      3002  -0.00169539 
      3003  -0.00175135 
      3004  -0.00170851 
      3005  -0.00169035 
      3006  -0.00149916 
      3007  -0.00150568 
      3008  -0.00156165 
      3009  -0.00163413 
      3010  -0.00170665 
      3011  -0.00161424 
      3012  -0.00162078 
      3013  -0.00168508 
      3014  -0.00179901 
      3015  -0.00181385 
      3016  -0.00194436 
      3017  -0.00190143 
      3018   -0.001999  
      3019  -0.00176587 
      3020  -0.0018221  
      3021  -0.00177083 
      3022  -0.0017857  
      3023  -0.00177574 
      3024  -0.00188998 
      3025  -0.00191318 
      3026  -0.00193638 
      3027  -0.00189332 
      3028  -0.0018917  
      3029  -0.00191492 
      3030  -0.00184694 
      3031  -0.00190335 
      3032  -0.00180216 
      3033  -0.00182538 
      3034  -0.00178222 
      3035  -0.00185526 
      3036  -0.00187852 
      3037  -0.00182704 
      3038  -0.00179214 
      3039  -0.00169904 
      3040  -0.00173891 
      3041  -0.00177881 
      3042  -0.0018104  
      3043  -0.00170056 
      3044  -0.00164062 
      3045  -0.00168886 
      3046  -0.00174542 
      3047  -0.0017354  
      3048  -0.00169206 
      3049  -0.00170703 
      3050  -0.00169699 
      3051  -0.00175365 
      3052  -0.0017603  
      3053  -0.00170023 
      3054  -0.00182367 
      3055  -0.00192215 
      3056  -0.00198732 
      3057  -0.00183536 
      3058  -0.00180862 
      3059  -0.00174848 
      3060  -0.00175514 
      3061  -0.00178687 
      3062  -0.00178521 
      3063  -0.0018337  
      3064  -0.00189058 
      3065  -0.00183872 
      3066  -0.0018538  
      3067  -0.00180186 
      3068  -0.0019007  
      3069  -0.00179852 
      3070  -0.00180521 
      3071  -0.00180352 
      3072  -0.00195277 
      3073  -0.00201821 
      3074  -0.00190753 
      3075  -0.00179678 
      3076  -0.00182866 
      3077  -0.00187736 
      3078  -0.00193448 
      3079  -0.00179843 
      3080  -0.00178832 
      3081  -0.00173622 
      3082  -0.00181018 
      3083  -0.00175802 
      3084  -0.00182361 
      3085  -0.00188082 
      3086  -0.00192124 
      3087  -0.00185223 
      3088  -0.00188422 
      3089  -0.00194153 
      3090  -0.00199883 
      3091  -0.00187078 
      3092  -0.00181011 
      3093  -0.00169037 
      3094  -0.00178986 
      3095  -0.00177972 
      3096  -0.00187085 
      3097  -0.00180164 
      3098  -0.00182527 
      3099  -0.00184048 
      3100  -0.00186412 
      3101  -0.00187934 
      3102  -0.00185231 
      3103  -0.00186754 
      3104  -0.00187431 
      3105  -0.00188109 
      3106  -0.00185403 
      3107  -0.00181001 
      3108  -0.00164746 
      3109  -0.00173888 
      3110  -0.00181339 
      3111  -0.00183709 
      3112  -0.00173372 
      3113  -0.00169807 
      3114  -0.00177266 
      3115  -0.00188971 
      3116  -0.0019559  
      3117  -0.00203061 
      3118  -0.00219027 
      3119  -0.0021377  
      3120  -0.00209362 
      3121  -0.00198156 
      3122  -0.0020564  
      3123  -0.00200372 
      3124  -0.00209561 
      3125  -0.00203446 
      3126  -0.00206682 
      3127  -0.00217581 
      3128  -0.00236148 
      3129  -0.00233437 
      3130  -0.00225616 
      3131  -0.00209271 
      3132  -0.00206552 
      3133  -0.00206386 
      3134  -0.00203666 
      3135  -0.00204354 
      3136  -0.00196509 
      3137  -0.00206584 
      3138  -0.00207272 
      3139  -0.00226743 
      3140  -0.00230001 
      3141  -0.00230697 
      3142  -0.00216867 
      3143  -0.00201323 
      3144  -0.00200302 
      3145  -0.00207829 
      3146  -0.00206811 
      3147  -0.00205793 
      3148  -0.00212473 
      3149  -0.00218302 
      3150  -0.00220712 
      3151  -0.00206844 
      3152  -0.00199824 
      3153  -0.00203087 
      3154  -0.00216636 
      3155  -0.00215616 
      3156  -0.00223174 
      3157  -0.00219581 
      3158  -0.00216843 
      3159  -0.0020638  
      3160  -0.00196771 
      3161  -0.00199178 
      3162  -0.00196434 
      3163  -0.00209157 
      3164  -0.00205552 
      3165  -0.00203668 
      3166  -0.0019146  
      3167  -0.0019473  
      3168  -0.00185096 
      3169  -0.00180621 
      3170  -0.00190779 
      3171  -0.00186304 
      3172  -0.0019647  
      3173  -0.00192853 
      3174  -0.00203029 
      3175  -0.0019424  
      3176  -0.00204418 
      3177  -0.00205114 
      3178  -0.00217031 
      3179  -0.00223772 
      3180  -0.00222746 
      3181  -0.00218267 
      3182  -0.0022156  
      3183  -0.00227444 
      3184   -0.002342  
      3185  -0.00232313 
      3186  -0.00222639 
      3187  -0.0021296  
      3188  -0.00203279 
      3189  -0.00203977 
      3190  -0.00207271 
      3191  -0.00214898 
      3192  -0.00218201 
      3193  -0.00226702 
      3194  -0.00222207 
      3195  -0.00224645 
      3196  -0.00210607 
      3197  -0.00218248 
      3198  -0.00216351 
      3199  -0.00210109 
      3200  -0.00210811 
      3201  -0.00204568 
      3202  -0.00202661 
      3203  -0.00199016 
      3204  -0.00197979 
      3205  -0.00206503 
      3206  -0.00201117 
      3207  -0.0020356  
      3208  -0.0020252  
      3209  -0.00209313 
      3210  -0.00216112 
      3211  -0.00222913 
      3212  -0.00226234 
      3213  -0.00214744 
      3214  -0.00218937 
      3215  -0.00212672 
      3216  -0.0022384  
      3217  -0.0022106  
      3218  -0.00231369 
      3219  -0.00205895 
      3220  -0.00209218 
      3221  -0.00206433 
      3222  -0.00218493 
      3223  -0.00202598 
      3224  -0.00201557 
      3225  -0.00194395 
      3226  -0.00203841 
      3227  -0.00203671 
      3228  -0.00213128 
      3229  -0.00219086 
      3230   -0.002233  
      3231  -0.00231018 
      3232  -0.00221219 
      3233  -0.00215798 
      3234  -0.00206868 
      3235  -0.00200562 
      3236  -0.00210914 
      3237  -0.00208115 
      3238  -0.00221108 
      3239  -0.00204265 
      3240  -0.00201464 
      3241  -0.00181095 
      3242  -0.00195852 
      3243  -0.00206224 
      3244  -0.00211327 
      3245  -0.00205886 
      3246  -0.00202198 
      3247  -0.00206425 
      3248  -0.00209776 
      3249  -0.00204326 
      3250  -0.00210319 
      3251  -0.00220718 
      3252  -0.00220551 
      3253  -0.00215981 
      3254  -0.00210526 
      3255  -0.00213883 
      3256  -0.00217243 
      3257  -0.00204726 
      3258  -0.00190438 
      3259  -0.00211447 
      3260  -0.00221873 
      3261  -0.00228771 
      3262  -0.00221541 
      3263  -0.00230211 
      3264  -0.00231815 
      3265  -0.00227231 
      3266  -0.00212917 
      3267  -0.00213633 
      3268  -0.00214349 
      3269  -0.00220377 
      3270  -0.00223753 
      3271  -0.00219158 
      3272  -0.00218104 
      3273  -0.00217053 
      3274  -0.00222203 
      3275   -0.002309  
      3276  -0.00220985 
      3277  -0.00220817 
      3278  -0.00221535 
      3279  -0.00237348 
      3280  -0.00234522 
      3281  -0.00224588 
      3282  -0.0021021  
      3283  -0.00211816 
      3284  -0.00218757 
      3285   -0.002097  
      3286  -0.00223757 
      3287  -0.00218253 
      3288  -0.00234105 
      3289  -0.00212578 
      3290  -0.00225762 
      3291  -0.00217582 
      3292  -0.00227213 
      3293  -0.00225264 
      3294  -0.00237578 
      3295   -0.002392  
      3296  -0.00237252 
      3297  -0.00229953 
      3298  -0.0022354  
      3299  -0.00232299 
      3300  -0.00239279 
      3301  -0.00248047 
      3302  -0.00243421 
      3303  -0.00243259 
      3304  -0.00237733 
      3305   -0.002331  
      3306  -0.00221307 
      3307  -0.00225612 
      3308  -0.00233501 
      3309  -0.00235127 
      3310  -0.00224215 
      3311  -0.00216883 
      3312  -0.00199689 
      3313  -0.0020041  
      3314  -0.00210995 
      3315  -0.00226069 
      3316  -0.00235767 
      3317  -0.00238295 
      3318  -0.00245313 
      3319  -0.00232581 
      3320  -0.00235109 
      3321  -0.00225064 
      3322  -0.00232086 
      3323  -0.00231918 
      3324  -0.00237149 
      3325  -0.00217197 
      3326  -0.0021253  
      3327  -0.0020426  
      3328  -0.00211285 
      3329  -0.0022462  
      3330  -0.00219948 
      3331  -0.00234194 
      3332  -0.00225015 
      3333  -0.00232059 
      3334  -0.00221072 
      3335  -0.00224513 
      3336  -0.00222538 
      3337  -0.00219661 
      3338  -0.00213173 
      3339  -0.00199456 
      3340  -0.00192957 
      3341  -0.00198202 
      3342  -0.0020435  
      3343   -0.002096  
      3344  -0.00213948 
      3345  -0.00221916 
      3346  -0.00223557 
      3347  -0.00235153 
      3348  -0.00238608 
      3349  -0.0024116  
      3350  -0.00235559 
      3351  -0.00238112 
      3352  -0.00232511 
      3353  -0.00240501 
      3354  -0.00238524 
      3355  -0.00246521 
      3356  -0.00248173 
      3357  -0.00247103 
      3358  -0.00252388 
      3359  -0.00251317 
      3360  -0.00241163 
      3361  -0.00234637 
      3362  -0.00221744 
      3363  -0.00221574 
      3364  -0.00225041 
      3365  -0.0022396  
      3366  -0.00218331 
      3367  -0.00217248 
      3368  -0.00232556 
      3369  -0.00238764 
      3370  -0.00238599 
      3371  -0.00254837 
      3372  -0.00259232 
      3373  -0.0025725  
      3374  -0.00244318 
      3375  -0.00245977 
      3376  -0.00238512 
      3377  -0.00249301 
      3378  -0.00235439 
      3379  -0.00233445 
      3380  -0.0022688  
      3381  -0.00245906 
      3382  -0.00253056 
      3383  -0.00264781 
      3384  -0.00259134 
      3385  -0.00260803 
      3386  -0.00246912 
      3387  -0.00250411 
      3388  -0.00252078 
      3389  -0.0026749  
      3390  -0.00270082 
      3391  -0.0025709  
      3392  -0.00225749 
      3393  -0.00223745 
      3394  -0.00240089 
      3395  -0.00251853 
      3396  -0.00248018 
      3397  -0.00242342 
      3398  -0.00236665 
      3399  -0.00238334 
      3400  -0.00238165 
      3401  -0.00245354 
      3402  -0.00245188 
      3403  -0.00243182 
